"L: 0.1"
"e0: 5"
"t: 5"
"Number of Energies: 400"
"Number of Phases: 400"
"Threshold: 0.01"
"phase","energy"
0.015707963267948967,0.98
0.015707963267948967,0.9825
0.031415926535897934,0.9775
0.047123889803846894,0.9775
0.047123889803846894,0.985
0.06283185307179587,0.975
0.07853981633974483,0.9725
0.07853981633974483,0.9875
0.09424777960769379,0.9725
0.10995574287564278,0.97
0.10995574287564278,0.99
0.12566370614359174,0.9675
0.1413716694115407,0.965
0.1413716694115407,0.9925
0.15707963267948966,0.965
0.17278759594743862,0.9625
0.18849555921538758,0.96
0.18849555921538758,0.995
0.20420352248333656,0.9575
0.21991148575128555,0.955
0.23561944901923448,0.9525
0.23561944901923448,0.955
0.25132741228718347,0.95
0.25132741228718347,0.9525
0.25132741228718347,0.9975
0.26703537555513246,0.95
0.2827433388230814,0.9475
0.2984513020910303,0.945
0.3141592653589793,0.9425
0.32986722862692824,0.94
0.34557519189487723,0.9375
0.3612831551628262,0.935
0.37699111843077515,0.93
0.37699111843077515,0.9325
0.39269908169872414,0.9275
0.39269908169872414,0.93
0.4084070449666731,0.925
0.4084070449666731,0.9275
0.4241150082346221,0.9225
0.4241150082346221,0.925
0.4398229715025711,0.92
0.45553093477052,0.9175
0.47123889803846897,0.915
0.48694686130641796,0.91
0.48694686130641796,0.9125
0.5026548245743669,0.9075
0.5026548245743669,0.91
0.5183627878423159,0.905
0.5183627878423159,0.9075
0.5340707511102649,0.9025
0.5497787143782138,0.9
0.5654866776461628,0.895
0.5654866776461628,0.8975
0.5811946409141118,0.8925
0.5811946409141118,0.895
0.5969026041820606,0.89
0.6126105674500096,0.885
0.6126105674500096,0.8875
0.6283185307179586,0.8825
0.6283185307179586,0.885
0.6440264939859075,0.88
0.6597344572538565,0.875
0.6597344572538565,0.8775
0.6754424205218055,0.8725
0.6754424205218055,0.875
0.6911503837897545,0.8675
0.6911503837897545,0.87
0.7068583470577035,0.865
0.7068583470577035,0.8675
0.7225663103256524,0.8625
0.7382742735936013,0.8575
0.7382742735936013,0.86
0.7539822368615503,0.855
0.7696902001294993,0.85
0.7696902001294993,0.8525
0.7853981633974483,0.8475
0.7853981633974483,0.85
0.8011061266653973,0.8425
0.8011061266653973,0.845
0.8168140899333463,0.84
0.8325220532012952,0.835
0.8325220532012952,0.8375
0.8482300164692442,0.83
0.8482300164692442,0.8325
0.8639379797371932,0.8275
0.8639379797371932,0.83
0.8796459430051422,0.8225
0.8796459430051422,0.825
0.895353906273091,0.82
0.895353906273091,0.8225
0.91106186954104,0.815
0.91106186954104,0.8175
0.926769832808989,0.81
0.926769832808989,0.8125
0.9424777960769379,0.8075
0.9424777960769379,0.81
0.9581857593448869,0.8025
0.9581857593448869,0.805
0.9738937226128359,0.7975
0.9738937226128359,0.8
0.9896016858807848,0.795
0.9896016858807848,0.7975
1.0053096491487339,0.79
1.0053096491487339,0.7925
1.0210176124166828,0.785
1.0210176124166828,0.7875
1.0367255756846319,0.78
1.0367255756846319,0.7825
1.0367255756846319,0.785
1.0524335389525807,0.7775
1.0524335389525807,0.78
1.0681415022205298,0.7725
1.0681415022205298,0.775
1.0838494654884785,0.7675
1.0838494654884785,0.77
1.0995574287564276,0.7625
1.0995574287564276,0.765
1.0995574287564276,0.7675
1.1152653920243765,0.76
1.1152653920243765,0.7625
1.1309733552923256,0.755
1.1309733552923256,0.7575
1.1466813185602744,0.75
1.1466813185602744,0.7525
1.1623892818282235,0.745
1.1623892818282235,0.7475
1.1780972450961724,0.74
1.1780972450961724,0.7425
1.1780972450961724,0.745
1.1938052083641213,0.735
1.1938052083641213,0.7375
1.1938052083641213,0.74
1.2095131716320704,0.73
1.2095131716320704,0.7325
1.2095131716320704,0.735
1.2252211349000193,0.7275
1.2252211349000193,0.73
1.2409290981679684,0.7225
1.2409290981679684,0.725
1.2566370614359172,0.7175
1.2566370614359172,0.72
1.2723450247038663,0.7125
1.2723450247038663,0.715
1.288052987971815,0.7075
1.288052987971815,0.71
1.303760951239764,0.7025
1.303760951239764,0.705
1.319468914507713,0.6975
1.319468914507713,0.7
1.335176877775662,0.6925
1.335176877775662,0.695
1.350884841043611,0.6875
1.350884841043611,0.69
1.36659280431156,0.6825
1.36659280431156,0.685
1.382300767579509,0.6775
1.382300767579509,0.68
1.398008730847458,0.6725
1.398008730847458,0.675
1.413716694115407,0.6675
1.413716694115407,0.67
1.429424657383356,0.6625
1.429424657383356,0.665
1.4451326206513049,0.6575
1.4451326206513049,0.66
1.460840583919254,0.6525
1.460840583919254,0.655
1.4765485471872026,0.6475
1.4765485471872026,0.65
1.4922565104551517,0.6425
1.4922565104551517,0.645
1.5079644737231006,0.635
1.5079644737231006,0.6375
1.5079644737231006,0.64
1.5236724369910497,0.63
1.5236724369910497,0.6325
1.5236724369910497,0.635
1.5393804002589986,0.625
1.5393804002589986,0.6275
1.5393804002589986,0.63
1.5550883635269477,0.62
1.5550883635269477,0.6225
1.5550883635269477,0.625
1.5707963267948966,0.615
1.5707963267948966,0.6175
1.5707963267948966,0.62
1.5865042900628454,0.61
1.5865042900628454,0.6125
1.5865042900628454,0.615
1.6022122533307945,0.605
1.6022122533307945,0.6075
1.6179202165987434,0.5975
1.6179202165987434,0.6
1.6179202165987434,0.6025
1.6336281798666925,0.5925
1.6336281798666925,0.595
1.6336281798666925,0.5975
1.6493361431346414,0.5875
1.6493361431346414,0.59
1.6493361431346414,0.5925
1.6650441064025905,0.5825
1.6650441064025905,0.585
1.6650441064025905,0.5875
1.6807520696705394,0.5775
1.6807520696705394,0.58
1.6964600329384885,0.57
1.6964600329384885,0.5725
1.6964600329384885,0.575
1.7121679962064373,0.565
1.7121679962064373,0.5675
1.7121679962064373,0.57
1.7278759594743864,0.56
1.7278759594743864,0.5625
1.7278759594743864,0.565
1.7435839227423353,0.555
1.7435839227423353,0.5575
1.7435839227423353,0.56
1.7592918860102844,0.5475
1.7592918860102844,0.55
1.7592918860102844,0.5525
1.7749998492782328,0.5425
1.7749998492782328,0.545
1.7749998492782328,0.5475
1.790707812546182,0.5375
1.790707812546182,0.54
1.790707812546182,0.5425
1.8064157758141308,0.5325
1.8064157758141308,0.535
1.8064157758141308,0.5375
1.82212373908208,0.525
1.82212373908208,0.5275
1.82212373908208,0.53
1.8378317023500288,0.52
1.8378317023500288,0.5225
1.8378317023500288,0.525
1.853539665617978,0.515
1.853539665617978,0.5175
1.853539665617978,0.52
1.8692476288859268,0.5075
1.8692476288859268,0.51
1.8692476288859268,0.5125
1.8849555921538759,0.5025
1.8849555921538759,0.505
1.8849555921538759,0.5075
1.9006635554218247,0.4975
1.9006635554218247,0.5
1.9006635554218247,0.5025
1.9163715186897738,0.4925
1.9163715186897738,0.495
1.9320794819577227,0.485
1.9320794819577227,0.4875
1.9320794819577227,0.49
1.9477874452256718,0.48
1.9477874452256718,0.4825
1.9477874452256718,0.485
1.9634954084936207,0.4725
1.9634954084936207,0.475
1.9634954084936207,0.4775
1.9792033717615696,0.4675
1.9792033717615696,0.47
1.9792033717615696,0.4725
1.9949113350295187,0.4625
1.9949113350295187,0.465
1.9949113350295187,0.4675
2.0106192982974678,0.455
2.0106192982974678,0.4575
2.0106192982974678,0.46
2.0263272615654166,0.45
2.0263272615654166,0.4525
2.0263272615654166,0.455
2.0420352248333655,0.445
2.0420352248333655,0.4475
2.0420352248333655,0.45
2.0577431881013144,0.4375
2.0577431881013144,0.44
2.0577431881013144,0.4425
2.0734511513692637,0.4325
2.0734511513692637,0.435
2.0734511513692637,0.4375
2.0891591146372126,0.425
2.0891591146372126,0.4275
2.0891591146372126,0.43
2.1048670779051615,0.42
2.1048670779051615,0.4225
2.1048670779051615,0.425
2.1205750411731104,0.415
2.1205750411731104,0.4175
2.1205750411731104,0.42
2.1362830044410597,0.4075
2.1362830044410597,0.41
2.1362830044410597,0.4125
2.1519909677090086,0.4025
2.1519909677090086,0.405
2.1519909677090086,0.4075
2.167698930976957,0.395
2.167698930976957,0.3975
2.167698930976957,0.4
2.183406894244906,0.39
2.183406894244906,0.3925
2.183406894244906,0.395
2.199114857512855,0.3825
2.199114857512855,0.385
2.199114857512855,0.3875
2.214822820780804,0.3775
2.214822820780804,0.38
2.214822820780804,0.3825
2.230530784048753,0.37
2.230530784048753,0.3725
2.230530784048753,0.375
2.246238747316702,0.365
2.246238747316702,0.3675
2.246238747316702,0.37
2.261946710584651,0.3575
2.261946710584651,0.36
2.261946710584651,0.3625
2.261946710584651,0.365
2.2776546738526,0.3525
2.2776546738526,0.355
2.2776546738526,0.3575
2.293362637120549,0.345
2.293362637120549,0.3475
2.293362637120549,0.35
2.293362637120549,0.3525
2.3090706003884978,0.34
2.3090706003884978,0.3425
2.3090706003884978,0.345
2.324778563656447,0.3325
2.324778563656447,0.335
2.324778563656447,0.3375
2.324778563656447,0.34
2.340486526924396,0.3275
2.340486526924396,0.33
2.340486526924396,0.3325
2.356194490192345,0.32
2.356194490192345,0.3225
2.356194490192345,0.325
2.356194490192345,0.3275
2.3719024534602937,0.315
2.3719024534602937,0.3175
2.3719024534602937,0.32
2.3876104167282426,0.3075
2.3876104167282426,0.31
2.3876104167282426,0.3125
2.3876104167282426,0.315
2.403318379996192,0.3025
2.403318379996192,0.305
2.403318379996192,0.3075
2.419026343264141,0.295
2.419026343264141,0.2975
2.419026343264141,0.3
2.419026343264141,0.3025
2.4347343065320897,0.29
2.4347343065320897,0.2925
2.4347343065320897,0.295
2.4504422698000385,0.2825
2.4504422698000385,0.285
2.4504422698000385,0.2875
2.466150233067988,0.2775
2.466150233067988,0.28
2.466150233067988,0.2825
2.4818581963359367,0.27
2.4818581963359367,0.2725
2.4818581963359367,0.275
2.4975661596038856,0.265
2.4975661596038856,0.2675
2.4975661596038856,0.27
2.5132741228718345,0.2575
2.5132741228718345,0.26
2.5132741228718345,0.2625
2.528982086139784,0.2525
2.528982086139784,0.255
2.528982086139784,0.2575
2.5446900494077327,0.245
2.5446900494077327,0.2475
2.5446900494077327,0.25
2.560398012675681,0.2375
2.560398012675681,0.24
2.560398012675681,0.2425
2.560398012675681,0.245
2.57610597594363,0.2325
2.57610597594363,0.235
2.57610597594363,0.2375
2.5918139392115793,0.225
2.5918139392115793,0.2275
2.5918139392115793,0.23
2.5918139392115793,0.2325
2.607521902479528,0.22
2.607521902479528,0.2225
2.607521902479528,0.225
2.623229865747477,0.2125
2.623229865747477,0.215
2.623229865747477,0.2175
2.638937829015426,0.2075
2.638937829015426,0.21
2.638937829015426,0.2125
2.6546457922833753,0.2
2.6546457922833753,0.2025
2.6546457922833753,0.205
2.670353755551324,0.1925
2.670353755551324,0.195
2.670353755551324,0.1975
2.670353755551324,0.2
2.686061718819273,0.1875
2.686061718819273,0.19
2.686061718819273,0.1925
2.701769682087222,0.18
2.701769682087222,0.1825
2.701769682087222,0.185
2.7174776453551712,0.175
2.7174776453551712,0.1775
2.7174776453551712,0.18
2.73318560862312,0.1675
2.73318560862312,0.17
2.73318560862312,0.1725
2.748893571891069,0.16
2.748893571891069,0.1625
2.748893571891069,0.165
2.748893571891069,0.1675
2.764601535159018,0.155
2.764601535159018,0.1575
2.764601535159018,0.16
2.7803094984269667,0.1475
2.7803094984269667,0.15
2.7803094984269667,0.1525
2.796017461694916,0.1425
2.796017461694916,0.145
2.796017461694916,0.1475
2.811725424962865,0.135
2.811725424962865,0.1375
2.811725424962865,0.14
2.827433388230814,0.1275
2.827433388230814,0.13
2.827433388230814,0.1325
2.827433388230814,0.135
2.8431413514987627,0.1225
2.8431413514987627,0.125
2.8431413514987627,0.1275
2.858849314766712,0.115
2.858849314766712,0.1175
2.858849314766712,0.12
2.874557278034661,0.1075
2.874557278034661,0.11
2.874557278034661,0.1125
2.874557278034661,0.115
2.8902652413026098,0.1025
2.8902652413026098,0.105
2.8902652413026098,0.1075
2.9059732045705586,0.095
2.9059732045705586,0.0975
2.9059732045705586,0.1
2.9059732045705586,0.1025
2.921681167838508,0.09
2.921681167838508,0.0925
2.921681167838508,0.095
2.937389131106457,0.0825
2.937389131106457,0.085
2.937389131106457,0.0875
2.9530970943744053,0.075
2.9530970943744053,0.0775
2.9530970943744053,0.08
2.9530970943744053,0.0825
2.968805057642354,0.07
2.968805057642354,0.0725
2.968805057642354,0.075
2.9845130209103035,0.0625
2.9845130209103035,0.065
2.9845130209103035,0.0675
3.0002209841782523,0.055
3.0002209841782523,0.0575
3.0002209841782523,0.06
3.0002209841782523,0.0625
3.015928947446201,0.05
3.015928947446201,0.0525
3.015928947446201,0.055
3.03163691071415,0.0425
3.03163691071415,0.045
3.03163691071415,0.0475
3.03163691071415,0.05
3.0473448739820994,0.0375
3.0473448739820994,0.04
3.0473448739820994,0.0425
3.0630528372500483,0.03
3.0630528372500483,0.0325
3.0630528372500483,0.035
3.078760800517997,0.0225
3.078760800517997,0.025
3.078760800517997,0.0275
3.078760800517997,0.03
3.094468763785946,0.0175
3.094468763785946,0.02
3.094468763785946,0.0225
3.1101767270538954,0.01
3.1101767270538954,0.0125
3.1101767270538954,0.015
3.1258846903218442,0.0025
3.1258846903218442,0.005
3.1258846903218442,0.0075
3.1258846903218442,0.01
3.141592653589793,0.
3.141592653589793,0.
3.141592653589793,0.0025
3.1573006168577415,0.0025
3.1573006168577415,0.005
3.173008580125691,0.01
3.173008580125691,0.0125
3.1887165433936397,0.0175
3.204424506661589,0.0225
3.204424506661589,0.025
3.2201324699295375,0.03
3.2201324699295375,0.0325
3.235840433197487,0.0375
3.2515483964654357,0.0425
3.2515483964654357,0.045
3.267256359733385,0.05
3.267256359733385,0.0525
3.2829643230013335,0.055
3.2829643230013335,0.0575
3.2986722862692828,0.0625
3.2986722862692828,0.065
3.3143802495372316,0.07
3.330088212805181,0.075
3.330088212805181,0.0775
3.3457961760731294,0.0825
3.3457961760731294,0.085
3.3615041393410787,0.09
3.3772121026090276,0.095
3.3772121026090276,0.0975
3.392920065876977,0.1025
3.392920065876977,0.105
3.4086280291449254,0.1075
3.4086280291449254,0.11
3.4243359924128747,0.115
3.4243359924128747,0.1175
3.4400439556808236,0.1225
3.455751918948773,0.1275
3.455751918948773,0.13
3.4714598822167213,0.135
3.4714598822167213,0.1375
3.4871678454846706,0.1425
3.5028758087526195,0.1475
3.5028758087526195,0.15
3.518583772020569,0.155
3.5342917352885173,0.16
3.5342917352885173,0.1625
3.5499996985564657,0.1675
3.5499996985564657,0.17
3.565707661824415,0.175
3.581415625092364,0.18
3.581415625092364,0.1825
3.597123588360313,0.1875
3.6128315516282616,0.1925
3.6128315516282616,0.195
3.628539514896211,0.2
3.628539514896211,0.2025
3.64424747816416,0.2075
3.659955441432109,0.2125
3.659955441432109,0.215
3.6756634047000576,0.22
3.691371367968007,0.225
3.691371367968007,0.2275
3.707079331235956,0.2325
3.722787294503905,0.2375
3.722787294503905,0.24
3.7384952577718535,0.245
3.7384952577718535,0.2475
3.754203221039803,0.2525
3.7699111843077517,0.2575
3.7699111843077517,0.26
3.785619147575701,0.265
3.8013271108436495,0.27
3.8013271108436495,0.2725
3.817035074111599,0.2775
3.8327430373795477,0.2825
3.8327430373795477,0.285
3.848451000647497,0.29
3.8641589639154454,0.295
3.8641589639154454,0.2975
3.8798669271833948,0.3025
3.8955748904513436,0.3075
3.8955748904513436,0.31
3.911282853719293,0.315
3.911282853719293,0.3175
3.9269908169872414,0.32
3.9269908169872414,0.3225
3.94269878025519,0.3275
3.94269878025519,0.33
3.958406743523139,0.3325
3.958406743523139,0.335
3.974114706791088,0.34
3.974114706791088,0.3425
3.9898226700590373,0.345
3.9898226700590373,0.3475
4.005530633326986,0.3525
4.0212385965949355,0.3575
4.0212385965949355,0.36
4.0369465598628835,0.365
4.052654523130833,0.37
4.052654523130833,0.3725
4.068362486398782,0.3775
4.084070449666731,0.3825
4.084070449666731,0.385
4.09977841293468,0.39
4.115486376202629,0.395
4.115486376202629,0.3975
4.131194339470578,0.4025
4.1469023027385274,0.4075
4.1469023027385274,0.41
4.162610266006475,0.415
4.178318229274425,0.42
4.194026192542374,0.425
4.194026192542374,0.4275
4.209734155810323,0.4325
4.225442119078272,0.4375
4.225442119078272,0.44
4.241150082346221,0.445
4.25685804561417,0.45
4.272566008882119,0.455
4.272566008882119,0.4575
4.288273972150067,0.4625
4.303981935418017,0.4675
4.303981935418017,0.47
4.319689898685965,0.4725
4.319689898685965,0.475
4.335397861953914,0.48
4.351105825221864,0.485
4.351105825221864,0.4875
4.366813788489812,0.4925
4.3825217517577615,0.4975
4.39822971502571,0.5025
4.39822971502571,0.505
4.413937678293659,0.5075
4.413937678293659,0.51
4.429645641561608,0.515
4.445353604829557,0.52
4.445353604829557,0.5225
4.461061568097506,0.525
4.461061568097506,0.5275
4.476769531365456,0.5325
4.492477494633404,0.5375
4.508185457901353,0.5425
4.508185457901353,0.545
4.523893421169302,0.5475
4.523893421169302,0.55
4.539601384437251,0.555
4.5553093477052,0.56
4.571017310973149,0.565
4.571017310973149,0.5675
4.586725274241098,0.57
4.586725274241098,0.5725
4.6024332375090475,0.5775
4.6181412007769955,0.5825
4.633849164044945,0.5875
4.649557127312894,0.5925
4.649557127312894,0.595
4.665265090580843,0.5975
4.665265090580843,0.6
4.680973053848792,0.605
4.696681017116741,0.61
4.71238898038469,0.615
4.7280969436526386,0.62
4.743804906920587,0.625
4.743804906920587,0.6275
4.759512870188536,0.63
4.759512870188536,0.6325
4.775220833456485,0.635
4.775220833456485,0.6375
4.790928796724434,0.6425
4.806636759992384,0.6475
4.822344723260332,0.6525
4.838052686528282,0.6575
4.8537606497962305,0.6625
4.869468613064179,0.6675
4.885176576332128,0.6725
4.900884539600077,0.6775
4.916592502868026,0.6825
4.932300466135976,0.6875
4.948008429403924,0.6925
4.9637163926718735,0.6975
4.979424355939822,0.7025
4.995132319207771,0.7075
5.01084028247572,0.7125
5.026548245743669,0.7175
5.042256209011618,0.7225
5.057964172279568,0.7275
5.073672135547516,0.73
5.073672135547516,0.7325
5.089380098815465,0.735
5.089380098815465,0.7375
5.105088062083414,0.74
5.120796025351362,0.745
5.136503988619312,0.75
5.15221195188726,0.755
5.16791991515521,0.76
5.183627878423159,0.7625
5.1993358416911075,0.7675
5.215043804959056,0.7725
5.230751768227005,0.7775
5.246459731494954,0.78
5.246459731494954,0.7825
5.262167694762904,0.785
5.277875658030852,0.79
5.293583621298802,0.795
5.3092915845667505,0.7975
5.324999547834699,0.8025
5.340707511102648,0.8075
5.356415474370597,0.81
5.372123437638546,0.815
5.387831400906496,0.82
5.403539364174444,0.8225
5.419247327442394,0.8275
5.4349552907103424,0.83
5.450663253978291,0.835
5.46637121724624,0.84
5.482079180514189,0.8425
5.497787143782138,0.8475
5.513495107050087,0.85
5.529203070318036,0.855
5.544911033585985,0.8575
5.576326960121882,0.865
5.592034923389832,0.8675
5.60774288665778,0.8725
5.62345084992573,0.875
5.654866776461628,0.8825
5.6705747397295765,0.885
5.701990666265474,0.8925
5.717698629533424,0.895
5.749114556069322,0.9025
5.764822519337271,0.905
5.7805304826052195,0.9075
5.796238445873168,0.91
5.827654372409066,0.9175
5.843362335677016,0.92
5.859070298944964,0.9225
5.874778262212914,0.925
5.890486225480862,0.9275
5.9061941887488105,0.93
6.031857894892402,0.95
6.031857894892402,0.9975
6.047565858160352,0.9525
6.0632738214283,0.955
6.07898178469625,0.9575
6.094689747964199,0.96
6.094689747964199,0.995
6.1418136377680455,0.965
6.1418136377680455,0.9925
6.157521601035994,0.9675
6.204645490839842,0.9725
6.220353454107791,0.975
6.2517693806436885,0.9775
